[gd_scene load_steps=12 format=3 uid="uid://c5knjye0guhkt"]

[ext_resource type="PackedScene" uid="uid://b0hb0vceeqdgb" path="res://Assets/Models/Robot.glb" id="1_ts7et"]
[ext_resource type="Script" uid="uid://c4ub2d8b1dy1b" path="res://player/player.gd" id="2_iv4wl"]

[sub_resource type="GDScript" id="GDScript_iv4wl"]
script/source = "extends AnimationPlayer


# Called when the node enters the scene tree for the first time.
func _ready() -> void:
	speed_scale = 1.0


# Called every frame. 'delta' is the elapsed time since the previous frame.
func _process(delta: float) -> void:
	pass
"

[sub_resource type="AnimationNodeAnimation" id="AnimationNodeAnimation_ob7dn"]
animation = &"Robot_Idle"

[sub_resource type="AnimationNodeAnimation" id="AnimationNodeAnimation_0c0nh"]
animation = &"Robot_Jump"

[sub_resource type="AnimationNodeAnimation" id="AnimationNodeAnimation_10f6k"]
animation = &"Robot_Running"

[sub_resource type="AnimationNodeBlend2" id="AnimationNodeBlend2_vmyig"]

[sub_resource type="AnimationNodeBlend2" id="AnimationNodeBlend2_syqan"]

[sub_resource type="AnimationNodeBlendTree" id="AnimationNodeBlendTree_giffj"]
graph_offset = Vector2(-186.019, 54.3768)
"nodes/Anim Idle/node" = SubResource("AnimationNodeAnimation_ob7dn")
"nodes/Anim Idle/position" = Vector2(100, 80)
"nodes/Anim Jump/node" = SubResource("AnimationNodeAnimation_0c0nh")
"nodes/Anim Jump/position" = Vector2(520, 380)
"nodes/Anim Run/node" = SubResource("AnimationNodeAnimation_10f6k")
"nodes/Anim Run/position" = Vector2(160, 260)
nodes/Jump/node = SubResource("AnimationNodeBlend2_vmyig")
nodes/Jump/position = Vector2(800, 100)
nodes/Run/node = SubResource("AnimationNodeBlend2_syqan")
nodes/Run/position = Vector2(420, 100)
nodes/output/position = Vector2(1080, 100)
node_connections = [&"Jump", 0, &"Run", &"Jump", 1, &"Anim Jump", &"Run", 0, &"Anim Idle", &"Run", 1, &"Anim Run", &"output", 0, &"Jump"]

[sub_resource type="CapsuleShape3D" id="CapsuleShape3D_iv4wl"]
radius = 0.367
height = 1.35452

[sub_resource type="SphereShape3D" id="SphereShape3D_iv4wl"]

[node name="Player" instance=ExtResource("1_ts7et")]
script = ExtResource("2_iv4wl")

[node name="RobotArmature" parent="." index="0"]
transform = Transform3D(0.3, 0, 0, 0, 0.3, 0, 0, 0, 0.3, 0, 0, 0)

[node name="Skeleton3D" parent="RobotArmature" index="0"]
bones/1/position = Vector3(0.636722, 0.0305792, 0.0570147)
bones/1/rotation = Quaternion(8.27772e-09, 0.69555, 0.718478, 1.35428e-07)
bones/3/position = Vector3(0.0052459, 1.39943, 0.30772)
bones/7/rotation = Quaternion(-0.0433809, -0.0141813, 0.0282903, 0.998557)
bones/8/position = Vector3(-7.98843e-09, 0.309866, -3.12781e-09)
bones/8/rotation = Quaternion(-0.0309211, -0.00285618, -0.00128305, 0.999517)
bones/10/position = Vector3(0.582738, 0.29672, 0.0324413)
bones/10/rotation = Quaternion(-0.0114497, -0.0532471, -0.9762, 0.209923)
bones/11/rotation = Quaternion(-0.0545858, -0.689887, 0.0692138, 0.718531)
bones/12/rotation = Quaternion(0.309992, 0.499338, -0.36494, 0.72207)
bones/14/rotation = Quaternion(-0.00442112, 0.0238239, -0.552072, 0.833444)
bones/15/rotation = Quaternion(-0.0381108, 0.000934127, -0.699656, 0.713462)
bones/16/rotation = Quaternion(0.729874, 0.635341, 0.211089, 0.13808)
bones/17/rotation = Quaternion(-0.248974, 0.627184, 0.630886, -0.382928)
bones/19/rotation = Quaternion(0.0467354, -0.396111, -0.589061, 0.702794)
bones/20/rotation = Quaternion(-0.0425872, -0.0183796, -0.699962, 0.712672)
bones/22/rotation = Quaternion(-0.0680168, 0.483185, -0.584014, 0.648717)
bones/23/rotation = Quaternion(-0.0425873, -0.0183795, -0.699962, 0.712672)
bones/26/position = Vector3(-0.636816, 0.296747, 0.0324391)
bones/26/rotation = Quaternion(-0.012289, 0.0530604, 0.972768, 0.225291)
bones/27/rotation = Quaternion(0.0435723, 0.80457, 0.0574779, 0.589462)
bones/28/rotation = Quaternion(0.0897255, -0.705058, 0.255014, 0.6556)
bones/30/rotation = Quaternion(-0.0436784, -0.0103278, 0.525089, 0.849863)
bones/31/rotation = Quaternion(0.0348681, -0.0390055, 0.504719, 0.861697)
bones/32/rotation = Quaternion(0.669465, -0.587013, -0.279996, 0.358935)
bones/33/rotation = Quaternion(-0.135572, 0.735133, 0.594621, -0.296016)
bones/35/rotation = Quaternion(-0.504663, -0.573821, 0.135774, 0.630564)
bones/36/rotation = Quaternion(-0.0418692, -0.0120427, 0.527238, 0.8486)
bones/37/rotation = Quaternion(-0.115109, 0.858055, -0.363121, -0.344435)
bones/38/rotation = Quaternion(0.575218, 0.552901, 0.116743, 0.591435)
bones/39/rotation = Quaternion(0.138603, 0.024903, 0.427063, 0.893189)
bones/42/rotation = Quaternion(0.982338, 0.0193544, -0.083931, 0.166114)
bones/42/scale = Vector3(1, 1, 1.00002)
bones/43/rotation = Quaternion(0.309293, 1.28999e-07, -7.10228e-08, 0.950967)
bones/46/rotation = Quaternion(0.976369, -0.0285961, 0.13678, 0.164853)
bones/46/scale = Vector3(1, 1, 1.00002)
bones/47/rotation = Quaternion(0.309293, -3.13759e-07, 4.658e-08, 0.950967)
bones/51/position = Vector3(0.913523, 1.05808, 1.70949)
bones/52/position = Vector3(-0.636881, 0.0305792, 0.057014)
bones/52/rotation = Quaternion(5.22173e-07, 0.69555, 0.718478, 6.32924e-07)
bones/54/position = Vector3(-1.10091, 1.05808, 1.70949)

[node name="Foot_L_2" parent="RobotArmature/Skeleton3D" index="0"]
transform = Transform3D(1, -1.42109e-14, -9.76996e-14, -1.42109e-14, 1, -5.21541e-08, -1.42109e-14, -5.21541e-08, 1, 0.624058, 0.397664, 0.191115)

[node name="Head_2" parent="RobotArmature/Skeleton3D" index="1"]
transform = Transform3D(0.998071, -0.0469698, -0.0405853, 0.0492516, 0.997148, 0.0571817, 0.0377837, -0.0590704, 0.997538, -0.0521875, 3.63859, -0.00113498)

[node name="Arm_L" parent="RobotArmature/Skeleton3D" index="2"]
transform = Transform3D(0.435432, 0.900219, 0.00201476, -0.869529, 0.421165, -0.25795, -0.23306, 0.110568, 0.966156, 0.265002, 2.87002, 0.130695)

[node name="Shoulder_L_2" parent="RobotArmature/Skeleton3D" index="3"]
transform = Transform3D(0.434578, 0.900634, -1.13422e-07, -0.900634, 0.434578, -1.4653e-07, -3.76272e-08, 1.48426e-07, 1, 0.582681, 2.39351, -0.0209942)

[node name="Arm_R" parent="RobotArmature/Skeleton3D" index="4"]
transform = Transform3D(0.101816, -0.202931, -1.49012e-08, 0.202145, 0.101422, 0.0199569, -0.0178376, -0.00894964, 0.226162, -0.82569, 2.00358, 0.0402431)

[node name="Shoulder_R_2" parent="RobotArmature/Skeleton3D" index="5"]
transform = Transform3D(0.448449, -0.893808, -1.25985e-07, 0.893808, 0.448449, -5.8894e-08, 8.50265e-08, -1.0214e-07, 1, -0.636986, 2.39294, -0.0209942)

[node name="LowerLeg_L_2" parent="RobotArmature/Skeleton3D" index="6"]
transform = Transform3D(0.984136, 0.00935073, 0.177169, 0.00873734, 0.994848, -0.10103, -0.177199, 0.100987, 0.978988, 0.686011, 0.362374, 0.223538)

[node name="Leg_L" parent="RobotArmature/Skeleton3D" index="7"]
transform = Transform3D(0.984229, -0.0293173, 0.174452, 0.00743561, 0.992158, 0.124792, -0.176741, -0.12152, 0.976735, 0.646025, 1.17676, 0.0413634)

[node name="LowerLeg_R_2" parent="RobotArmature/Skeleton3D" index="8"]
transform = Transform3D(0.962582, -0.0158306, -0.270524, -0.0120129, 0.994823, -0.100944, 0.270724, 0.10043, 0.957393, -0.733022, 0.362448, 0.215108)

[node name="Leg_R" parent="RobotArmature/Skeleton3D" index="9"]
transform = Transform3D(0.962421, 0.0553218, -0.265862, -0.0135101, 0.987573, 0.156594, 0.271223, -0.147114, 0.951197, -0.670133, 1.17376, 0.0303901)

[node name="Torso_2" parent="RobotArmature/Skeleton3D" index="10"]
transform = Transform3D(1, -1.83553e-09, -8.90577e-09, 1.83553e-09, 1, -3.28967e-10, 8.90577e-09, 3.28967e-10, 1, -0.00271566, 2.1948, -0.0195812)

[node name="Foot_R_2" parent="RobotArmature/Skeleton3D" index="11"]
transform = Transform3D(1, 4.54747e-13, 9.23706e-14, 1.13687e-13, 1, -7.45058e-09, 1.3145e-13, -7.45058e-09, 1, -0.637997, 0.397664, 0.191115)

[node name="AnimationPlayer" parent="." index="1"]
script = SubResource("GDScript_iv4wl")

[node name="AnimationTree" type="AnimationTree" parent="." index="2"]
tree_root = SubResource("AnimationNodeBlendTree_giffj")
anim_player = NodePath("../AnimationPlayer")
parameters/Jump/blend_amount = 0.0
parameters/Run/blend_amount = 0.0

[node name="CollisionShape3D" type="CollisionShape3D" parent="." index="3"]
transform = Transform3D(1, 0, 0, 0, 1, 0, 0, 0, 1, 0, 0.675816, 0)
shape = SubResource("CapsuleShape3D_iv4wl")

[node name="CameraPivot" type="Node3D" parent="." index="4"]
transform = Transform3D(1, 0, 0, 0, 0.927118, -0.374768, 0, 0.374768, 0.927118, 0, 1.20374, 0)

[node name="SpringArm3D" type="SpringArm3D" parent="CameraPivot" index="0"]
transform = Transform3D(-1, 0, -8.74228e-08, -3.55271e-15, 1, 0, 8.74228e-08, 0, -1, -1, 0, 0)
shape = SubResource("SphereShape3D_iv4wl")
spring_length = 3.0

[node name="Camera3D" type="Camera3D" parent="CameraPivot/SpringArm3D" index="0"]

[node name="RayCast" type="RayCast3D" parent="CameraPivot/SpringArm3D/Camera3D" index="0"]
transform = Transform3D(-1, 0, -8.74228e-08, 0, 1, 0, 8.74228e-08, 0, -1, 0, 0, 0)
target_position = Vector3(0, 0, 10)
